,track_id,phase,Total Time (h),Mean Speed (m/s)_x,Mean Speed (m/s)_y,Total Distance (km),Mean Vorticity (−1 × 10−5 s−1),Mean Growth Rate (10^−5 s^−1 day^-1),Straight Line Distance (km)
0,20090596,decay,37.0,3.728623010990157,3.728623010990157,496.6525850638889,4.237597027027027,0.860263783783784,303.14199669119006
1,20090596,decay 2,6.0,7.39311520839185,7.39311520839185,159.69128850126395,4.039585,-0.7328799999999998,94.21514158855773
2,20090596,incipient,23.0,3.6566089855407298,3.6566089855407298,302.7672240027724,4.535196666666667,-0.15634434782608714,392.29255831861593
3,20090596,intensification,79.0,5.7554805940944815,5.7554805940944815,1636.8586809604706,4.139603037974683,-0.20330126582278482,500.6501379084068
4,20090596,intensification 2,16.0,4.831359611306028,4.831359611306028,278.2863136112272,3.379505,-1.9434599999999995,146.65874892484223
5,20090596,mature,14.0,3.8192302940097633,3.8192302940097633,192.48920681809207,3.8680142857142856,1.1185028571428564,218.8188431618362
6,20090596,mature 2,10.0,10.655258035829375,10.655258035829375,383.5892892898575,2.518207,-0.6496560000000002,97.62588059526873
7,20090598,decay,29.0,11.465047081224046,11.465047081224046,1196.9509152797905,6.96496551724138,0.05559724137931073,1055.0853345833546
8,20090598,decay 2,6.0,11.533505852720848,11.533505852720848,249.1237264187703,6.447676666666666,-1.5433599999999998,154.60249208321807
9,20090598,incipient,18.0,13.947959262731239,13.947959262731239,903.8277602249843,2.518782631578947,1.2180666666666664,3615.367097244742
10,20090598,intensification,69.0,13.648534285237474,13.648534285237474,3390.295916452989,4.990300144927536,1.2917495652173911,4218.291304350614
11,20090598,mature,11.0,14.296818563621162,14.296818563621162,566.1540151193981,6.795482727272727,0.5639999999999994,1914.8737524002768
12,20090600,decay,2.0,10.722039480392734,10.722039480392734,77.1986842588277,1.32329,-3.2280000000000015,39.49753312710063
13,20090600,incipient,3.0,14.626411225410257,14.626411225410257,157.96524123443078,2.533095,1.983279999999997,158.04773561450668
14,20090600,intensification,60.0,13.560250230094887,13.560250230094887,2929.014049700496,2.8500505,-0.26645199999999997,2801.1693488162273
15,20090600,mature,9.0,18.007213771655003,18.007213771655003,583.4337262016221,1.7641277777777777,-1.205573333333333,521.8889779796746
16,20090601,incipient,2.0,21.351854731123495,21.351854731123495,153.73335406408916,6.124706666666667,4.918679999999998,154.11574268650352
17,20090601,intensification,51.0,10.903968817662435,10.903968817662435,2001.9686749228229,8.729293137254901,-1.3973835294117647,1518.467545915118
18,20090602,incipient,2.0,32.564189199790306,32.564189199790306,234.46216223849024,2.1184666666666665,3.12444,234.9115006122113
19,20090602,intensification,21.0,21.123418103378086,21.123418103378086,1596.9304086153834,3.0826438095238093,1.2819085714285714,1478.4501701700633
20,20090604,intensification,45.0,7.6936669186061195,7.6936669186061195,1246.3740408141912,1.9591089130434782,0.03882133333333338,1180.4995119784373
21,20090605,intensification,40.0,8.073440357212965,8.073440357212965,1162.575411438667,1.8567034146341466,0.302442,1027.6489538364767
22,20090608,decay,29.0,7.684221532657532,7.684221532657532,802.2327280094463,5.0152941379310345,-0.5690317241379307,634.0337217504249
23,20090608,decay 2,22.0,7.168055792354863,7.168055792354863,567.7100187545052,6.1713427272727275,-2.1726218181818187,973.2273906655472
24,20090608,incipient,2.0,5.06276834367082,5.06276834367082,36.451932074429905,4.231795,-1.0579200000000029,16.194161141080126
25,20090608,intensification,39.0,11.171231379834033,11.171231379834033,1568.4408857286983,3.58444,1.9998830769230769,2409.815362480554
26,20090608,intensification 2,16.0,8.849788700119658,8.849788700119658,509.74782912689227,5.923426875,2.4044699999999994,469.57094273120623
27,20090608,mature,11.0,9.919085997702922,9.919085997702922,392.79580550903574,5.2325563636363635,2.901621818181818,1223.6925306039154
28,20090608,mature 2,10.0,5.709461284018117,5.709461284018117,205.5406062246522,7.283060000000001,1.7977920000000005,183.32600351739367
29,20090609,intensification,23.0,11.221892767584443,11.221892767584443,929.1727211559919,6.665989166666667,1.3180695652173917,592.5045473680359
30,20090610,decay,29.0,2.737411432864089,2.737411432864089,285.78575359101086,8.700464827586206,-2.0387999999999997,186.6666598752775
31,20090610,decay 2,44.0,11.19192630469168,11.19192630469168,1772.8011266631622,3.4684718181818184,-1.5519654545454544,2493.9838959773715
32,20090610,incipient,7.0,14.899304631754637,14.899304631754637,375.46247672021684,3.8273671428571427,-1.7406857142857144,2966.867831234238
33,20090610,intensification,23.0,16.24907815992386,16.24907815992386,1345.4236716416958,5.313307916666667,1.3364973913043479,3523.1132731793155
34,20090610,intensification 2,16.0,11.378691834533775,11.378691834533775,655.4126496691455,5.1042525,-1.474275,601.8889673711976
35,20090610,mature,11.0,5.849627828912713,5.849627828912713,231.64526202494343,8.799345454545454,3.816763636363636,228.60272079064734
36,20090610,mature 2,10.0,9.035648534254168,9.035648534254168,325.28334723315004,4.675117,-0.7104000000000006,283.25700560369586
37,20090611,decay,22.0,21.048880649909584,21.048880649909584,1667.071347472839,3.968785,-0.20727272727272722,1706.9858198389268
38,20090611,incipient,2.0,20.009799761036856,20.009799761036856,144.0705582794654,3.710785,-2.0036400000000008,46.93601185649936
39,20090611,intensification,3.0,32.71708018354969,32.71708018354969,353.34446598233666,2.3338375,3.368079999999999,352.4740267075633
40,20090611,mature,9.0,17.467390956309416,17.467390956309416,565.9434669844251,3.2889155555555556,2.8922399999999997,445.9078158820866
41,20090612,decay,26.0,8.0869486626988,8.0869486626988,756.9383948286077,5.835091851851852,1.5871384615384618,680.5104908975628
42,20090612,decay 2,6.0,5.097444960489275,5.097444960489275,110.10481114656835,5.238325000000001,-1.907040000000002,71.26526741599619
43,20090612,incipient,2.0,4.279195470489999,4.279195470489999,30.81020738752799,6.382664999999999,1.7311200000000007,19.673644374699187
44,20090612,intensification,9.0,2.749221295910234,2.749221295910234,89.07476998749159,5.759337777777778,-2.0353866666666676,66.35157170781186
45,20090612,intensification 2,7.0,8.454946104730956,8.454946104730956,213.0646418392201,4.11563,-3.0897599999999987,201.2633505869323
46,20090612,mature,2.0,3.481309190665048,3.481309190665048,25.06542617278835,5.351175,0.12636000000000183,12.298923195658167
47,20090613,decay,11.0,11.296031716202778,11.296031716202778,447.32285596163007,2.1415054545454546,-1.7174399999999999,371.11288823319444
48,20090613,decay 2,6.0,9.867358271235,9.867358271235,213.134938658676,2.3400000000000003,-2.0603999999999996,183.9835176065019
49,20090613,incipient,1.0,19.59390997546453,19.59390997546453,70.53807591167231,2.839375,-4.615920000000003,70.76431780367524
50,20090613,intensification,9.0,4.681270268157897,4.681270268157897,151.67315668831588,2.1036833333333336,1.0840000000000003,106.08414021699886
51,20090613,mature,2.0,6.90473765396214,6.90473765396214,49.714111108527405,2.49336,2.0933999999999977,26.122768960322926
52,20090614,decay,11.0,23.28550076454426,23.28550076454426,922.1058302759527,2.95886,5.723956363636364,750.1963333071154
53,20090614,decay 2,21.0,23.17500827822896,23.17500827822896,1752.0306258341095,5.667451428571429,-0.28501714285714286,3327.9175243222617
54,20090614,incipient,0.0,,,0.0,1.12719,,0.0
55,20090614,intensification,9.0,19.35105110788517,19.35105110788517,626.9740558954795,4.978488888888888,5.274453333333333,526.8058858932001
56,20090614,intensification 2,16.0,19.28581790157054,19.28581790157054,1110.863111130463,5.923289375,-1.3654950000000001,1043.7814491771906
57,20090614,mature,2.0,17.88103253180835,17.88103253180835,128.74343422902012,6.0259,5.112000000000002,67.33189262615292
58,20090614,mature 2,10.0,18.715079874923408,18.715079874923408,673.7428754972427,5.837608,0.12556799999999982,603.9143806813352
59,20090615,decay 2,44.0,10.070728922032847,10.070728922032847,1595.2034612500029,5.7164043181818185,-0.8324727272727274,2784.716860656144
60,20090615,incipient,5.0,15.918358282296799,15.918358282296799,286.53044908134234,4.73265,-1.6792319999999976,238.76212336157138
61,20090615,intensification,35.0,21.352082239920524,21.352082239920524,2690.362362229986,3.411835833333333,-0.8250377142857147,5713.737515590104
62,20090615,intensification 2,16.0,16.817837724524647,16.817837724524647,968.7074529326197,4.6481875,3.46476,859.3698028888764
63,20090615,mature,2.0,13.648870177570801,13.648870177570801,98.27186527850978,3.1888199999999998,1.656480000000002,38.95230693011013
64,20090615,mature 2,10.0,10.73317206981623,10.73317206981623,386.3941945133843,6.741217000000001,2.536488,311.48288726652106
65,20090617,decay 2,38.0,6.4748353504113405,6.4748353504113405,885.7574759362714,5.561664615384616,-0.2738463157894735,1340.1590732439704
66,20090617,incipient,5.0,8.232955583630522,8.232955583630522,148.19320050534938,4.87235,-1.9465439999999987,90.61663669155637
67,20090617,intensification,27.0,12.911142031121768,12.911142031121768,1254.9630054250358,3.2096074074074075,-2.6265866666666673,1060.7349258864701
68,20090617,intensification 2,16.0,14.127122243318063,14.127122243318063,813.7222412151204,6.23287125,-0.036389999999999895,304.7345160887119
69,20090617,mature 2,10.0,6.7237576386082365,6.7237576386082365,242.0552749898965,5.719931,-1.114392000000001,173.68219803382456
70,20090618,decay 2,1.0,11.131965777226084,11.131965777226084,40.0750767980139,4.35214,2.200560000000017,0.0
71,20090618,intensification 2,13.0,23.082134551955278,23.082134551955278,1080.243897031507,3.0343400000000003,2.103729230769231,1079.2066895833689
72,20090618,mature 2,10.0,18.51569806891073,18.51569806891073,666.5651304807863,3.7463189999999997,1.4994719999999986,588.5876473423943
73,20090620,decay,20.0,5.264592518157526,5.264592518157526,379.0506613073419,3.6532645,-2.1580919999999995,338.8241523550936
74,20090620,decay 2,38.0,24.839383898529324,24.839383898529324,3398.0277173188115,8.842121578947369,3.330732631578947,3229.865595748747
75,20090620,incipient,8.0,14.236965008605328,14.236965008605328,410.0245922478334,8.29183375,-0.9323399999999982,1587.6670603544887
76,20090620,intensification,52.0,13.728570966899333,13.728570966899333,2569.988485003555,7.915835192307692,-2.1665076923076922,1577.0366044830025
77,20090620,mature,8.0,5.540800384422883,5.540800384422883,159.57505107137902,5.1768425,-2.9576400000000023,340.99246865914597
78,20090620,mature 2,9.0,32.17636983551639,32.17636983551639,1042.5143826707308,4.320335,1.0409866666666663,1030.967286287588
79,20090622,decay,20.0,11.247099193392819,11.247099193392819,809.7911419242829,5.6928145,-3.816048,749.019921036206
80,20090622,decay 2,27.0,31.810074079021273,31.810074079021273,3091.939200480868,3.151900714285714,2.3731733333333334,3085.9066263353193
81,20090622,incipient,8.0,20.813688199637266,20.813688199637266,599.4342201495533,6.5435625,2.468429999999999,2779.6872134703167
82,20090622,intensification,54.0,14.387912838454222,14.387912838454222,2797.0102557955,7.4458574074074075,0.6847733333333336,3601.381217289699
83,20090622,mature,8.0,9.009098678954558,9.009098678954558,259.46204195389123,8.01712625,-2.22501,585.4165964935324
84,20090623,decay 2,25.0,12.645380658051197,12.645380658051197,1138.0842592246076,4.920651923076923,1.90248,985.5053583782535
85,20090623,incipient,5.0,11.306979472191038,11.306979472191038,203.52563049943868,5.339586,-0.8808000000000021,170.5920072017491
86,20090623,intensification,40.0,15.495825578316985,15.495825578316985,2231.398883277646,3.2621617499999997,-1.661142,1603.1753971784522
87,20090624,decay,20.0,3.1401414907616743,3.1401414907616743,226.09018733484055,1.6463480000000001,-1.76958,118.87159717862359
88,20090624,decay 2,21.0,8.19123414897362,8.19123414897362,619.2573016624058,7.836905000000001,3.021097142857143,575.7687295362181
89,20090624,incipient,8.0,4.656066136519207,4.656066136519207,134.09470473175315,6.592435,-0.7702799999999996,1007.5159237295004
90,20090624,intensification,50.0,8.111553922105418,8.111553922105418,1460.0797059789752,5.167595199999999,-2.4567600000000005,1224.997042486431
91,20090624,mature,8.0,3.3991915243885904,3.3991915243885904,97.8967159023914,3.15277,-1.7882699999999994,100.0961470944015
92,20090625,decay 2,21.0,7.672573589681683,7.672573589681683,580.0465633799352,2.504471818181818,0.468788571428571,523.1566923037356
93,20090625,incipient,5.0,9.459410567309224,9.459410567309224,170.269390211566,2.50157,0.20913600000000168,118.62358402377072
94,20090625,intensification,4.0,4.922220227186331,4.922220227186331,70.87997127148319,2.2708575,-2.940360000000001,21.026817655868808
95,20090629,incipient,4.0,21.815950839436564,21.815950839436564,314.14969208788654,2.351794,4.1286,312.1282400746122
96,20090629,intensification,33.0,18.49078360809628,18.49078360809628,2196.7050926418383,2.955391515151515,-0.5918109090909092,2026.7728074616334
97,20090630,incipient,0.0,,,0.0,3.90441,,0.0
98,20090630,intensification,32.0,11.536993588453988,11.536993588453988,1329.0616613898994,3.24024,-2.0865375,1091.4865779673323
99,20090632,decay,31.0,12.596213660474493,12.596213660474493,1405.7374445089533,3.8965532258064517,-1.3689212903225807,2246.2851624947375
100,20090632,decay 2,3.0,10.111309622625,10.111309622625,109.20214392435,1.7716033333333332,-3.2548800000000018,61.9627634549018
101,20090632,incipient,3.0,8.448637543488308,8.448637543488308,91.24528546967375,5.4221433333333335,-1.6236800000000002,61.23039373750285
102,20090632,intensification,58.0,15.869494056882635,15.869494056882635,3313.550359077094,4.338463220338983,0.08602758620689673,3319.3933749291896
103,20090632,mature,10.0,11.199837321531948,11.199837321531948,403.1941435751501,4.84627,1.1426399999999994,2227.2663349777927
104,20090634,decay,60.0,14.49180395075763,14.49180395075763,3130.229653363648,6.950821833333333,-1.0213279999999998,3608.923526298626
105,20090634,decay 2,3.0,9.881184436065311,9.881184436065311,106.71679190950536,7.225370000000001,-2.166560000000004,74.18444778511096
106,20090634,incipient,9.0,17.86920145744247,17.86920145744247,578.962127221136,6.051046666666667,4.113360000000003,5042.95610874172
107,20090634,intensification,64.0,14.139857940175784,14.139857940175784,3257.823269416501,6.801780769230769,-0.14970750000000055,7319.187576714662
108,20090634,mature,12.0,18.243945841114108,18.243945841114108,788.1384603361296,6.931031666666667,1.9455600000000004,6500.266523251657
109,20090636,decay,56.0,10.843680820050919,10.843680820050919,2186.086053322265,6.641971071428571,-0.7577828571428568,2368.1672514790425
110,20090636,decay 2,3.0,18.194387612313793,18.194387612313793,196.499386212989,7.764153333333333,3.8611999999999966,164.21045863639392
111,20090636,incipient,3.0,15.650798370118393,15.650798370118393,169.02862239727864,3.4605366666666666,4.964879999999997,78.13494356636458
112,20090636,intensification,25.0,13.014349271585411,13.014349271585411,1171.291434442687,4.940188461538461,3.3701087999999997,2217.6991546347394
113,20090636,mature,10.0,11.100805748851878,11.100805748851878,399.6290069586676,4.273934,1.0287360000000014,2174.9311549326626
114,20090637,decay,8.0,9.882857907234127,9.882857907234127,284.62630772834285,2.23642625,-3.4634099999999997,191.94568464504727
115,20090637,incipient,3.0,13.983016279889439,13.983016279889439,151.01657582280592,3.51561,-0.9839199999999977,92.60397201109228
116,20090637,intensification,11.0,13.843902314979408,13.843902314979408,548.2185316731845,3.5899466666666666,-0.6805963636363646,854.3360678048113
117,20090637,mature,8.0,12.357339274943001,12.357339274943001,355.89137111835845,3.3246375,-1.0728300000000006,835.5843210416518
118,20090638,decay,57.0,9.578667550693142,9.578667550693142,1965.5425814022326,3.190738596491228,-0.7010399999999999,1841.428632237823
119,20090638,decay 2,3.0,3.63793925949259,3.63793925949259,39.289744002519974,4.02534,0.12695999999999683,25.68993390829823
120,20090638,incipient,3.0,19.772028430383674,19.772028430383674,213.53790704814372,2.9863766666666667,1.505279999999999,159.07421047834117
121,20090638,intensification,21.0,11.805069101078104,11.805069101078104,892.4632240415048,3.850317142857143,0.5791428571428575,1300.787592458906
122,20090638,mature,9.0,15.719838173833889,15.719838173833889,509.3227568322181,3.2996160000000003,1.17552,1875.0969089373757
123,20090639,decay,20.0,9.837338430401207,9.837338430401207,708.2883669888869,2.6596905,-2.127132,472.97891503455367
124,20090639,incipient,3.0,20.20011266116114,20.20011266116114,218.16121674054028,1.6928400000000001,3.5252800000000004,100.72901156814493
125,20090639,intensification,8.0,15.093906156516317,15.093906156516317,434.70449730766995,2.35843125,3.6173399999999996,385.81612568639304
126,20090639,mature,4.0,12.318910742642236,12.318910742642236,177.39231469404822,2.666808,1.0855199999999998,765.1999256185704
127,20090644,decay,11.0,17.679388691070365,17.679388691070365,700.1037921663865,2.5522883333333333,-1.1675127272727273,639.0897624744341
128,20090644,decay 2,3.0,13.270811229295662,13.270811229295662,143.32476127639316,3.60056,-5.79392,94.70527505638898
129,20090644,intensification,13.0,12.995231955460675,12.995231955460675,608.1768555155596,2.9726415384615383,2.7743076923076933,439.11549018447744
130,20090644,mature,2.0,15.47455342415726,15.47455342415726,111.41678465393227,3.945815,1.43904,44.18778403221793
131,20090645,decay,49.0,12.522900103514651,12.522900103514651,2209.0395782599844,3.6375002,-1.114290612244898,2864.4071791139863
132,20090645,decay 2,3.0,11.157043342297214,11.157043342297214,120.49606809680992,4.496353333333333,-0.08111999999999824,85.73641118570161
133,20090645,incipient,3.0,21.264917329670393,21.264917329670393,229.66110716044028,2.52937,1.0646399999999971,161.9871488051269
134,20090645,intensification,13.0,12.861619424383731,12.861619424383731,601.9237890611586,4.559567692307692,0.04805538461538379,552.835727908622
135,20090645,mature,2.0,14.699611586249759,14.699611586249759,105.83720342099826,4.5989,1.4906400000000026,46.238504025286055
136,20090647,decay,41.0,18.0810389621991,18.0810389621991,2668.761350820587,5.921834523809524,1.2546965853658536,3851.2550479938313
137,20090647,decay 2,3.0,19.91208040477351,19.91208040477351,215.05046837155388,3.2901066666666665,5.02168,137.96297471931706
138,20090647,incipient,6.0,20.377441418204352,20.377441418204352,440.15273463321404,5.550808333333333,-0.9366799999999991,380.1861607022492
139,20090647,intensification,36.0,26.752278085298073,26.752278085298073,3467.09523985463,4.449178611111112,0.17407333333333327,6096.910719462741
140,20090647,mature,2.0,21.090602465316394,21.090602465316394,151.85233775027805,2.8435249999999996,3.56532,78.92735231144358
141,20090648,decay,9.0,15.125742658215326,15.125742658215326,490.0740621261766,1.2881655555555556,-1.6823466666666669,430.7732168661795
142,20090648,decay 2,3.0,15.717672717558784,15.717672717558784,169.75086534963486,1.8359466666666666,-0.37344000000000044,103.14874701318529
143,20090648,intensification,11.0,21.756668956370497,21.756668956370497,861.5640906722716,2.0970808333333335,-1.312581818181818,858.065436252527
144,20090648,mature,2.0,20.158230725348062,20.158230725348062,145.13926122250604,1.8096999999999999,2.0498399999999997,67.1021029860134
145,20090649,decay,40.0,18.27664681442218,18.27664681442218,2631.837141276794,2.5931212500000003,-0.72063,2518.601266576547
146,20090649,decay 2,3.0,27.271268097923798,27.271268097923798,294.529695457577,2.5121599999999997,1.2240000000000002,187.3266104043387
147,20090649,incipient,5.0,12.443408678392718,12.443408678392718,223.98135621106894,1.30881,-0.8363039999999995,169.73503065356198
148,20090649,intensification,4.0,31.036269678647546,31.036269678647546,446.92228337252465,2.562668,-1.302900000000001,447.2619899218845
149,20090649,mature,2.0,29.361899851982933,29.361899851982933,211.40567893427712,2.484175,0.388679999999999,82.20413729007639
150,20090650,decay,32.0,5.7069668941887475,5.7069668941887475,657.4425862105437,2.83934,-0.3384075000000001,358.7787373463599
151,20090650,incipient,6.0,8.14488293931628,8.14488293931628,175.92947148923162,2.3233099999999998,-0.24727999999999992,130.93913218027836
152,20090650,intensification,9.0,10.818693017837601,10.818693017837601,350.52565377793826,2.3133944444444445,0.310293333333334,304.3880646350935
153,20090651,decay,31.0,15.071654798152903,15.071654798152903,1681.996675473864,2.9064365625,0.10238709677419353,1556.4713418281292
154,20090651,incipient,3.0,11.760272282748433,11.760272282748433,127.0109406536831,1.4573600000000002,-3.6979999999999986,97.70388977359217
155,20090652,decay,104.0,6.003097965040908,6.003097965040908,2247.5598781113163,6.407886952380952,0.350676923076923,3130.073502630864
156,20090652,incipient,14.0,5.340747568502109,5.340747568502109,269.1736774525063,4.540083571428571,-1.8904971428571433,2811.8193653579297
157,20090652,intensification,49.0,6.631746915359788,6.631746915359788,1169.8401558694666,4.563866734693877,-0.25266122448979567,2885.1801465776794
158,20090652,mature,20.0,11.973650835375825,11.973650835375825,862.1028601470593,5.210821,1.067676,2347.5768768883026
159,20090653,decay,19.0,9.383399824032896,9.383399824032896,641.82454796385,4.9818075,1.299663157894737,640.8453925854517
160,20090653,incipient,6.0,2.7765571177321973,2.7765571177321973,59.97363374301545,5.097866666666667,-1.3353199999999994,43.99086120498073
161,20090653,intensification,13.0,8.553413701836366,8.553413701836366,400.29976124594197,4.398669230769231,-1.6543015384615392,372.82899351863773
162,20090655,decay,35.0,8.639345127936517,8.639345127936517,1088.5574861200014,7.114973428571428,-0.8260182857142855,812.492311662178
163,20090655,incipient,4.0,20.673273421071944,20.673273421071944,297.695137263436,4.677964,1.029359999999997,296.95571073347367
164,20090655,intensification,36.0,12.33173189802496,12.33173189802496,1598.192453984035,6.706611666666666,1.2464466666666667,1317.1411328673942
165,20090655,mature,17.0,13.26703677040728,13.26703677040728,811.9426503489256,6.832998823529412,0.16342588235294098,767.7151176573337
166,20090656,incipient,2.0,27.44979527816426,27.44979527816426,197.63852600278267,1.5795666666666666,0.7012800000000006,197.99677122093493
167,20090656,intensification,33.0,13.285358245106323,13.285358245106323,1578.300559518631,1.6416360606060605,-0.10890181818181824,1415.0956029408665
168,20090657,incipient,2.0,7.575627399343391,7.575627399343391,54.544517275272426,1.4308233333333333,0.11495999999999909,54.324650704649876
169,20090657,intensification,21.0,10.082542634006279,10.082542634006279,762.2402231308747,1.3954319047619048,0.2069714285714286,725.4042558411143
170,20090658,incipient,0.0,,,0.0,4.11412,,0.0
171,20090658,intensification,36.0,20.99236047194376,20.99236047194376,2720.609917163911,4.746160833333334,0.91884,2606.578979229325
172,20090658,mature,14.0,24.308159434817803,24.308159434817803,1225.1312355148173,5.724542857142857,0.3773314285714286,1006.1418922462275
173,20090660,decay,37.0,14.835396133011368,14.835396133011368,1976.0747649171144,1.546758108108108,-0.5031697297297297,1169.4522402955226
174,20090660,intensification,31.0,7.3965267927613345,7.3965267927613345,825.4523900721649,1.60855125,0.47579612903225793,96.55242711493088
175,20090660,mature,17.0,6.82245189596026,6.82245189596026,417.5340560327679,2.033104117647059,0.27203294117647064,130.07875306050528
176,20090661,decay,37.0,8.396522855114846,8.396522855114846,1118.4168443012975,2.3749413513513513,-1.4524021621621621,817.622828819651
177,20090661,intensification,2.0,10.929468983864364,10.929468983864364,78.69217668382342,1.70315,-0.5534399999999993,78.72503126459128
178,20090661,mature,17.0,17.07170387780825,17.07170387780825,1044.7882773218648,2.207308823529412,2.3505599999999998,883.391910672143
179,20090664,decay,30.0,15.885598726259184,15.885598726259184,1715.644662435992,2.7486926666666665,-2.071488,1602.989529909637
180,20090664,mature,14.0,18.486109685032464,18.486109685032464,931.6999281256362,3.0147126666666666,2.173028571428571,845.5394032837138
181,20090665,decay,71.0,10.518640273378727,10.518640273378727,2688.564453875603,3.687101126760563,-0.3304394366197182,1654.3327842526148
182,20090665,mature,12.0,14.32366620897024,14.32366620897024,618.7823802275143,1.556186923076923,2.0408799999999996,571.707054146427
183,20090666,decay,52.0,6.646242030734241,6.646242030734241,1244.17650815345,1.7655492307692309,-0.21925846153846157,1130.4817180739453
184,20090666,mature,8.0,5.395498737008445,5.395498737008445,155.3903636258432,1.9103666666666668,0.8099700000000005,126.60969871342841
185,20090668,decay,23.0,12.22028839465899,12.22028839465899,1011.8398790777644,6.055213913043479,-0.4534956521739127,859.7209887780131
186,20090668,mature,2.0,19.375364557941296,19.375364557941296,139.50262481717732,5.722503333333333,-0.28308000000000544,16.527804647727688
187,20090670,decay,76.0,7.459650828664416,7.459650828664416,2040.9604667225842,5.377147922077922,-0.2498873684210527,1205.9546969059763
188,20090670,incipient,8.0,11.041516179953005,11.041516179953005,317.9956659826465,4.2466025,-0.13655999999999935,281.881741672038
189,20090670,intensification,13.0,9.985909016011561,9.985909016011561,467.3405419493411,3.7613000000000003,-2.1417415384615386,430.3694236417814
190,20090670,mature,3.0,16.798906185631164,16.798906185631164,181.42818680481656,2.994986666666667,-2.75976,131.54839400277217
191,20090671,decay,79.0,18.65874213676267,18.65874213676267,5306.546263695303,5.544915125,1.6983037974683548,4785.003109852935
192,20090671,incipient,8.0,14.333235199531748,14.333235199531748,412.7971737465143,6.536232500000001,-0.37485000000000035,360.0763980240348
193,20090671,intensification,43.0,18.41452238996314,18.41452238996314,2850.568065966294,9.331717906976744,0.07409860465116291,3406.3004486731843
194,20090671,mature,9.0,19.96772177847407,19.96772177847407,646.9541856225599,6.85264,-4.963200000000004,2952.686683808302
195,20090672,decay,71.0,4.378363494202528,4.378363494202528,1119.109709118166,3.0456130555555556,0.28383887323943663,99.38626030927438
196,20090672,incipient,8.0,6.422699130416149,6.422699130416149,184.9737349559851,3.29672375,0.46098000000000106,167.0183116160462
197,20090672,intensification,13.0,19.13784918091154,19.13784918091154,895.6513416666601,2.9262892307692305,-0.8257661538461541,870.6732865233051
198,20090672,mature,2.0,16.54651290615966,16.54651290615966,119.13489292434954,2.81066,-1.0557599999999994,70.07819343416018
199,20090673,decay,54.0,3.259784848868623,3.259784848868623,633.7021746200604,3.5507032727272727,-0.21266222222222217,489.1834378291494
200,20090673,incipient,8.0,5.351460739780724,5.351460739780724,154.12206930568485,3.24828625,-0.38955000000000073,118.97239837519788
201,20090673,intensification,9.0,4.2633083722430145,4.2633083722430145,138.1311912606737,2.991452222222222,-0.7219733333333332,125.53696487864694
202,20090674,decay,52.0,7.893929735084769,7.893929735084769,1477.743646407869,1.8786177358490566,0.5573723076923076,755.3943166311565
203,20090674,incipient,6.0,7.391447602990297,7.391447602990297,159.65526822459037,2.1255566666666668,-0.9490400000000001,45.21184904925373
204,20090675,decay,51.0,15.692282013894864,15.692282013894864,2881.102977751097,4.942642692307692,0.35318117647058794,3296.4766158768416
205,20090675,incipient,8.0,5.879428235265605,5.879428235265605,169.32753317564942,5.235435,2.931840000000001,98.31240351410995
206,20090675,intensification,13.0,9.022823330463249,9.022823330463249,422.26813186568006,5.836255384615384,0.3071815384615381,396.1413816118463
207,20090675,mature,3.0,16.002830650845212,16.002830650845212,172.8305710291283,5.679396666666666,-1.1739999999999995,124.39079327389514
208,20090676,decay,31.0,17.424720320054295,17.424720320054295,1944.598787718059,3.392975,0.024270967741935302,1193.5539174798346
209,20090677,decay,32.0,9.90458573024185,9.90458573024185,1141.0082761238612,2.3310787878787878,-0.874275,1112.2275459239665
210,20090678,decay,47.0,24.107477548395845,24.107477548395845,4078.985201188577,4.072621458333333,1.186733617021277,5701.6913012475425
211,20090678,incipient,8.0,22.429914645172314,22.429914645172314,645.9815417809626,5.45942,2.9799299999999977,563.2254385959121
212,20090678,intensification,43.0,14.342871823537925,14.342871823537925,2220.2765582836705,5.921518372093024,-0.9361786046511631,1632.436313176664
213,20090678,mature,4.0,15.719391694979315,15.719391694979315,226.35924040770215,6.1113975,-1.0430399999999986,1101.342185686328
214,20090679,decay,60.0,14.670465100691784,14.670465100691784,3168.8204617494252,6.051749508196721,2.687444,5167.1089828818
215,20090679,incipient,8.0,13.03676952052245,13.03676952052245,375.4589621910466,10.6322175,1.6631699999999991,320.50356977315585
216,20090679,intensification,43.0,11.412248347388148,11.412248347388148,1766.6160441756856,9.279746279069768,-2.163594418604652,1803.1413146146715
217,20090679,mature,11.0,11.21113132988882,11.21113132988882,443.9608006635973,7.689900909090909,-3.0937090909090896,1700.2659338911856
218,20090680,decay,8.0,14.409035895139345,14.409035895139345,414.9802337800131,2.8890933333333333,1.5324000000000004,412.3629167786669
219,20090680,incipient,8.0,17.962074685961557,17.962074685961557,517.3077509556929,2.82705,-1.5562200000000006,438.2488907462625
220,20090680,intensification,7.0,17.52241422700661,17.52241422700661,441.5648385205666,1.8272742857142856,-3.9835885714285704,378.4008302921098
221,20090683,decay,5.0,12.01852228717913,12.01852228717913,216.33340116922432,4.350156,-0.49214399999999897,167.12245903732523
222,20090683,incipient,2.0,21.39298841460155,21.39298841460155,154.02951658513115,2.6488533333333333,4.331399999999999,153.96521700947605
223,20090683,intensification,13.0,21.155715431083742,21.155715431083742,990.0874821747191,3.8307515384615387,2.869956923076923,888.9176747621073
224,20090683,mature,3.0,13.767244354740997,13.767244354740997,148.68623903120277,4.455966666666666,0.36695999999999884,75.08585815194593
225,20090684,decay,5.0,9.544680321479614,9.544680321479614,171.80424578663306,2.214856,-0.7550399999999989,149.13718576763858
226,20090684,intensification,34.0,10.507752127242622,10.507752127242622,1286.148860374497,2.10662,0.2115247058823528,1309.0450125077114
227,20090684,mature,3.0,10.778728442601578,10.778728442601578,116.41026718009704,2.354483333333333,-0.5592800000000011,82.92665764452408
228,20090689,decay,39.0,9.748546034966097,9.748546034966097,1368.69586330924,6.34152175,-2.7419938461538464,2565.9494815175735
229,20090689,incipient,4.0,10.403547315702696,10.403547315702696,149.8110813461188,4.41913,-1.5015000000000018,101.088402217328
230,20090689,intensification,50.0,10.153938573376994,10.153938573376994,1827.7089432078587,7.3919885999999995,1.7480976000000004,2704.943052509068
231,20090689,mature,8.0,6.0894555415690625,6.0894555415690625,175.37631959718902,9.55066375,-3.7003199999999996,156.18731609361436
232,20090689,residual,1.0,11.663006959773876,11.663006959773876,41.98682505518595,4.54802,0.7900799999999961,0.0
233,20090690,decay,47.0,5.573931924265864,5.573931924265864,943.1092815857842,6.477258510638298,-1.715902978723404,439.76092359807365
234,20090690,incipient,4.0,9.248937477799224,9.248937477799224,133.18469968030882,5.0861125,3.715499999999995,100.95855419086138
235,20090690,intensification,38.0,8.137773622161934,8.137773622161934,1113.2474315117524,6.07524717948718,2.554383157894737,807.3745338976983
236,20090690,mature,8.0,4.136124636727452,4.136124636727452,119.1203895377506,7.44323625,2.309849999999999,107.13093041046037
237,20090690,residual,1.0,7.601804052308049,7.601804052308049,27.36649458830897,4.75487,0.4267200000000031,0.0
238,20090691,decay,44.0,6.050985965794286,6.050985965794286,958.4761769818149,2.2507474999999997,-0.19378363636363627,588.2542081214816
239,20090691,incipient,4.0,7.363776725381074,7.363776725381074,106.03838484548746,1.83875,1.9604999999999992,73.27257761003743
240,20090691,intensification,35.0,8.840216942746785,8.840216942746785,1113.867334786095,2.308391666666667,0.6287177142857144,640.5182562549982
241,20090691,mature,8.0,7.0428729614034395,7.0428729614034395,202.83474128841908,2.5838425,-0.39024000000000125,109.72405455547828
242,20090691,residual,1.0,8.28041249831598,8.28041249831598,29.80948499393753,1.66466,0.4389600000000033,0.0
243,20090692,decay,78.0,18.53162571489917,18.53162571489917,5203.680500743688,6.492113333333333,0.9907076923076923,4512.4043909478805
244,20090692,decay 2,23.0,2.052398850005155,2.052398850005155,169.9386247804268,10.336021304347826,-2.350466086956522,109.1336667287897
245,20090692,incipient,17.0,7.644097743797623,7.644097743797623,467.81878192041455,6.371251176470588,-1.7609929411764706,2219.377397952643
246,20090692,intensification,54.0,12.47381069258043,12.47381069258043,2424.9087986376358,5.7674781818181815,0.9096977777777785,5793.517097347388
247,20090692,mature,12.0,17.668478328675402,17.668478328675402,763.2782637987773,6.342529166666666,0.8575199999999983,5206.731553221791
248,20090692,residual,1.0,22.761717028835093,22.761717028835093,81.94218130380634,6.04816,1.3454400000000106,0.0
249,20090693,decay,17.0,14.034634516414826,14.034634516414826,858.9196324045874,1.8633452941176472,-1.763124705882353,796.5358298705024
250,20090693,intensification,3.0,13.980260096487754,13.980260096487754,150.98680904206773,2.7295475,-0.38080000000000064,138.05393724055048
251,20090693,mature,8.0,12.38236249244822,12.38236249244822,356.61203978250876,2.56326625,-1.2390599999999998,232.2687126106035
252,20090695,decay,39.0,15.761633416144573,15.761633416144573,2212.933331626698,3.5913179487179483,0.17367384615384598,1642.1503370674936
253,20090695,incipient,4.0,26.974402053642887,26.974402053642887,388.4313895724576,2.5380175,-1.4754000000000014,292.2258099117565
254,20090695,intensification,5.0,29.606398260615833,29.606398260615833,532.915168691085,2.384436,0.1320000000000014,436.7567343113201
255,20090695,mature,2.0,21.208864647580846,21.208864647580846,152.7038254625821,2.24274,4.85544,152.3912469422061
256,20090695,residual,1.0,21.82125758124667,21.82125758124667,78.55652729248801,2.67437,-1.0159199999999942,0.0
257,20090696,decay,40.0,5.944282115890804,5.944282115890804,855.9766246882758,4.140378292682927,0.360102,965.5385923163961
258,20090696,incipient,4.0,4.955021458633544,4.955021458633544,71.35230900432303,5.19087,-0.8971199999999993,53.20379656009231
259,20090696,intensification,26.0,6.455442367897883,6.455442367897883,604.229405635242,4.426656538461538,-1.4125200000000002,616.1669723626685
260,20090696,residual,1.0,4.544305063495449,4.544305063495449,16.359498228583618,5.30167,-1.94088,0.0
261,20090697,decay,16.0,20.749391243809868,20.749391243809868,1195.1649356434484,3.3302776470588236,0.34900499999999957,1114.821568361926
262,20090697,incipient,4.0,22.098791358113516,22.098791358113516,318.2225955568347,3.415775,-1.3434,232.72601015362164
263,20090697,intensification,3.0,23.35320583631531,23.35320583631531,252.21462303220534,3.301903333333333,0.19455999999999915,165.41933219450928
264,20090697,residual,1.0,21.657257803009585,21.657257803009585,77.96612809083449,3.51709,-0.6321599999999954,0.0
265,20090698,decay,41.0,20.133257951590522,20.133257951590522,2971.668873654761,5.2067669047619045,-0.230610731707317,5271.441132062791
266,20090698,decay 2,23.0,10.661537618467449,10.661537618467449,882.7753148091048,4.409924782608695,0.09793043478260842,718.790221579261
267,20090698,incipient,17.0,21.76372550135417,21.76372550135417,1331.9400006828753,5.727519411764706,3.2406917647058835,5756.030210424676
268,20090698,intensification,45.0,17.54421887599981,17.54421887599981,2842.163457911969,6.634820222222222,0.17609066666666612,6077.544542555547
269,20090698,mature,4.0,17.058541932809295,17.058541932809295,245.64300383245384,4.8406575,-1.650299999999996,186.51403934542756
270,20090698,residual,1.0,9.144763989751787,9.144763989751787,32.921150363106435,5.44569,3.268799999999992,0.0
271,20090699,decay,12.0,22.334229602529643,22.334229602529643,964.8387188292804,3.9473323076923075,0.2776000000000014,2078.2901145538685
272,20090699,incipient,4.0,26.979355581387942,26.979355581387942,388.5027203719864,3.9077525,2.1230999999999973,276.23116625675107
273,20090699,intensification,21.0,16.87425489120474,16.87425489120474,1275.6936697750782,4.18243,-0.005257142857142794,1123.8298735582405
274,20090699,residual,1.0,23.32897564427724,23.32897564427724,83.98431231939806,3.69538,2.413200000000004,0.0
275,20090701,decay,39.0,17.191799693069854,17.191799693069854,2413.728676907008,4.99098282051282,0.24671384615384595,4112.876195118824
276,20090701,decay 2,23.0,30.294079083532182,30.294079083532182,2508.3497481164645,5.169465652173913,-0.8141217391304355,2345.0377868531127
277,20090701,incipient,16.0,9.114290163311749,9.114290163311749,524.9831134067567,4.760305294117647,-1.06359,4721.713600748659
278,20090701,intensification,33.0,22.84015209113491,22.84015209113491,2713.4100684268274,5.007136666666667,-1.0625599999999997,4358.1055112299155
279,20090701,mature,4.0,27.252546525423657,27.252546525423657,392.4366699661006,5.3679925,2.9814600000000038,298.0297117963165
280,20090702,decay,39.0,6.387205853468736,6.387205853468736,896.7637018270107,4.496328717948718,0.42475076923076927,1447.158484679205
281,20090702,decay 2,23.0,5.466370292958032,5.466370292958032,452.6154602569251,4.639791739130435,1.455286956521739,257.721468527707
282,20090702,incipient,13.0,10.238095956144072,10.238095956144072,479.1428907475426,4.311293076923077,-2.1393230769230773,417.4048522840864
283,20090702,intensification,41.0,14.187429414712383,14.187429414712383,2094.064581611548,2.6275888095238096,-0.09457170731707278,3283.4165293423057
284,20090702,mature,4.0,14.914513982477496,14.914513982477496,214.76900134767595,3.8215075,0.4102199999999989,100.54627567144665
285,20090705,decay,11.0,23.695543911973402,23.695543911973402,938.3435389141467,2.3138791666666667,-0.7817890909090909,859.5094197142799
286,20090705,decay 2,23.0,22.09149023761004,22.09149023761004,1829.175391674111,1.7260765217391303,-1.0862608695652174,1664.2503476026804
287,20090705,intensification,6.0,23.817889377980915,23.817889377980915,514.4664105643877,2.3801650000000003,1.7314399999999992,387.98590539526595
288,20090705,mature,4.0,22.94363792054474,22.94363792054474,330.38838605584425,2.34639,-1.0243199999999986,257.63529496105133
289,20090706,decay,9.0,11.26697340482692,11.26697340482692,365.0499383163923,4.65001,0.18045333333333483,1118.010234833161
290,20090706,decay 2,23.0,9.473466388020354,9.473466388020354,784.4030169280853,5.1545117391304345,-3.776817391304348,742.3150529943888
291,20090706,intensification,6.0,6.214518687261016,6.214518687261016,134.23360364483796,6.699623333333332,1.071559999999998,64.96347943738775
292,20090706,mature,4.0,9.774622464014225,9.774622464014225,140.75456348180484,6.8005825,0.5686800000000005,110.2894334307066
293,20090709,decay,27.0,4.721132411648333,4.721132411648333,458.89407041221796,6.653984444444444,-2.5921777777777777,214.40801504091047
294,20090709,decay 2,23.0,14.361294836902015,14.361294836902015,1189.1152124954867,6.562545217391304,3.3758399999999997,1018.364009519379
295,20090709,incipient,4.0,12.7468279396001,12.7468279396001,183.55432233024143,4.455235,-3.5896199999999965,155.583513270182
296,20090709,intensification,1.0,14.609107254725911,14.609107254725911,52.59278611701329,3.699765,5.708400000000008,52.757781041947204
297,20090709,mature,4.0,16.687324843622186,16.687324843622186,240.2974777481595,4.28539,3.845459999999999,198.64385185931172
298,20090710,decay,13.0,22.752647421691925,22.752647421691925,1064.8238993351822,3.3995515384615382,2.7036000000000007,945.3250178365952
299,20090710,decay 2,18.0,27.13040086754033,27.13040086754033,1758.0499762166135,2.3425373684210524,1.78888,1712.5407377240886
300,20090711,decay,20.0,5.057778254461549,5.057778254461549,364.1600343212315,1.9957025000000002,-0.5208120000000003,277.1691419094723
301,20090711,decay 2,15.0,4.9265798756265236,4.9265798756265236,266.03531328383224,2.12114,0.38744000000000006,266.31429834154375
302,20090712,decay,40.0,21.366783239815383,21.366783239815383,3076.816786533415,4.034384999999999,1.4212080000000005,3507.6737608725075
303,20090712,decay 2,4.0,24.61762895016484,24.61762895016484,354.49385688237373,1.976914,1.3061399999999996,353.63451173784813
304,20090712,incipient,13.0,19.674661011990374,19.674661011990374,920.7741353611494,6.005532307692308,1.916584615384615,784.1369121317679
305,20090712,intensification,43.0,12.850387284886134,12.850387284886134,1989.2399517003732,7.168371395348838,0.1243981395348837,1548.4036703922607
306,20090712,mature,20.0,8.284569266620217,8.284569266620217,596.4889871966556,6.2935825,-0.5372040000000006,482.608070890007
307,20090713,decay,23.0,18.670746144255467,18.670746144255467,1545.9377807443527,1.8878470833333332,0.48777391304347817,1524.5721555788487
308,20090714,decay,4.0,9.061573061212698,9.061573061212698,130.48665208146286,1.7212720000000001,-0.19668000000000016,129.8307813568364
309,20090714,incipient,13.0,5.7185294838028415,5.7185294838028415,267.62717984197303,1.571796923076923,-0.1916861538461536,113.36770646243382
310,20090714,intensification,28.0,7.819726878198172,7.819726878198172,788.2284693223756,1.570329642857143,-0.3209657142857143,678.3673935623171
311,20090715,decay,85.0,5.667922910745541,5.667922910745541,1734.3844106881356,2.3057510588235295,-0.8460536470588236,647.3903230217524
312,20090715,incipient,12.0,7.864459678205706,7.864459678205706,339.7446580984865,2.5673415384615383,3.3014799999999997,274.49900638563537
313,20090715,intensification,43.0,12.323908115872038,12.323908115872038,1907.7409763369915,3.0978588372093023,0.6599609302325583,1099.5851051469301
314,20090715,mature,20.0,5.173205724167838,5.173205724167838,372.4708121400843,4.302228,-0.09099599999999991,271.17337195166203
315,20090716,incipient,7.0,13.14412465521639,13.14412465521639,331.231941311453,3.76818875,2.8758514285714285,302.08183502577873
316,20090716,intensification,28.0,17.336372259077265,17.336372259077265,1747.5063237149884,5.5203839285714285,0.8077885714285716,1693.2482393874009
317,20090717,decay,13.0,20.283796765998748,20.283796765998748,949.2816886487414,2.5657084615384615,0.3316984615384611,866.2714426311261
318,20090717,incipient,3.0,17.620619526747117,17.620619526747117,190.30269088886888,3.9114975,0.8124000000000002,187.85457287682087
319,20090717,intensification,43.0,23.430852422841653,23.430852422841653,3627.0959550558878,2.8759632558139536,-1.2756948837209303,3356.8079910018464
320,20090717,mature,20.0,21.26024221320168,21.26024221320168,1530.7374393505208,1.9913465,0.903888,1399.3328437424277
321,20090718,intensification,37.0,14.482845089959909,14.482845089959909,1929.11496598266,2.511659210526316,1.3314097297297298,1784.9195323966878
322,20090719,decay,85.0,12.660806678779826,12.660806678779826,3874.206843706627,6.684604705882354,-0.8678964705882354,3630.704276246993
323,20090719,decay 2,18.0,16.28236431666886,16.28236431666886,1055.0972077201423,2.530995,-3.7010133333333335,835.0501285479179
324,20090719,intensification,30.0,11.090985376527364,11.090985376527364,1197.8264206649553,2.8091029032258064,1.3708960000000003,514.0836094430227
325,20090719,mature,20.0,9.847523650438657,9.847523650438657,709.0217028315833,6.028177,3.6805200000000005,648.2356108195681
326,20090596,Total,185.0,5.691382248594627,5.691382248594627,3450.3345882475724,3.8168154310546663,-0.2438392818174616,766.4542082517286
327,20090598,Total,133.0,12.978373009106955,12.978373009106955,6306.352333495932,5.5434415375374515,0.31721069465267354,4430.888292804526
328,20090600,Total,74.0,14.22897867688822,14.22897867688822,3747.6117013953763,2.1176408194444445,-0.6791863333333343,3612.121713239947
329,20090601,Total,53.0,16.127911774392963,16.127911774392963,2155.702028986912,7.426999901960784,1.7606482352941168,1706.1946414391168
330,20090602,Total,23.0,26.843803651584196,26.843803651584196,1831.3925708538736,2.6005552380952377,2.2031742857142858,1782.7541198738618
331,20090604,Total,45.0,7.6936669186061195,7.6936669186061195,1246.3740408141912,1.9591089130434782,0.03882133333333338,1180.4995119784373
332,20090605,Total,40.0,8.073440357212965,8.073440357212965,1162.575411438667,1.8567034146341466,0.302442,1027.6489538364767
333,20090608,Total,129.0,7.937801861479707,7.937801861479707,4082.91980542766,5.348845014834303,0.7577419075407346,3482.351899331676
334,20090609,Total,23.0,11.221892767584443,11.221892767584443,929.1727211559919,6.665989166666667,1.3180695652173917,592.5045473680359
335,20090610,Total,140.0,10.191669818133562,10.191669818133562,4991.814287543325,5.698332379976756,-0.3375521630233122,3523.1132731793155
336,20090611,Total,36.0,22.810787887701387,22.810787887701387,2730.429838719066,3.325580763888889,1.0123518181818176,2334.574836266259
337,20090612,Total,52.0,5.3581776141640525,5.3581776141640525,1225.0582513622041,5.447037438271605,-0.597928034188034,658.3407825535241
338,20090613,Total,29.0,10.46866157700447,10.46866157700447,932.3831383288217,2.3835847575757576,-1.0432720000000009,762.4479461659015
339,20090614,Total,69.0,20.28224840982678,20.28224840982678,5214.459932862268,4.6455410989229025,2.430910925685426,4857.493738692834
340,20090615,Total,112.0,14.75684156936031,14.75684156936031,6025.469785285845,4.739852441919192,0.7201642597402603,5713.737515590104
341,20090617,Total,96.0,9.693962569417986,9.693962569417986,3344.6911980716736,5.119284854558404,-1.1995517964912281,2536.2788211468755
342,20090618,Total,24.0,17.576599466030697,17.576599466030697,1786.884104310307,3.7109330000000003,1.9345870769230824,1775.2665929320754
343,20090620,Total,135.0,15.964447102021799,15.964447102021799,7959.180889619652,6.366705420209176,-0.6404767323436799,4490.821287689269
344,20090622,Total,117.0,17.45357459789203,17.45357459789203,7557.6368603040955,6.170252274338624,-0.10293626666666685,7119.0011816404485
345,20090623,Total,70.0,13.149395236186407,13.149395236186407,3573.008773001692,4.507466557692307,-0.21315400000000073,2585.2855257617343
346,20090624,Total,107.0,5.499637444549703,5.499637444549703,2537.418615610366,4.87921064,-0.7527585714285713,1831.9049592366725
347,20090625,Total,30.0,7.351401461392413,7.351401461392413,821.1959248629844,2.425633106060606,-0.7541451428571427,670.6287387501309
348,20090629,Total,37.0,20.153367223766423,20.153367223766423,2510.854784729725,2.6535927575757574,1.7683945454545453,2448.400318173104
349,20090630,Total,32.0,11.536993588453988,11.536993588453988,1329.0616613898994,3.572325,-2.0865375,1113.1560455581184
350,20090632,Total,105.0,11.645098441000476,11.645098441000476,5322.929376555221,4.05500662256242,-1.0037627408231373,3839.2822454770103
351,20090634,Total,148.0,14.925198725111063,14.925198725111063,7861.87030224692,6.792010187179487,0.5442648999999997,7370.600420031294
352,20090636,Total,97.0,13.760804364584079,13.760804364584079,4122.534503333887,5.416156706593407,2.4934283885714277,3541.0848114303994
353,20090637,Total,30.0,12.516778944261494,12.516778944261494,1339.7527863426917,3.166655104166667,-1.5501890909090905,1206.1252514542637
354,20090638,Total,93.0,12.102708503096279,12.102708503096279,3620.1562133266193,3.4704776812030076,0.5371725714285707,3290.21321508394
355,20090639,Total,35.0,14.362566997680226,14.362566997680226,1538.5463957311454,2.3444424375,1.525252,1267.59258198861
356,20090644,Total,29.0,14.85499632499599,14.85499632499599,1563.0221936122716,3.267826217948718,-0.6870212587412585,1296.8464038018803
357,20090645,Total,70.0,14.501218357223149,14.501218357223149,3266.9577459993916,3.964338245128205,0.2815849544740975,3020.6291097084845
358,20090647,Total,88.0,21.242688267158286,21.242688267158286,6942.912131430263,4.4110906269841275,1.8158179837398376,6342.461857239151
359,20090648,Total,25.0,18.189578764373167,18.189578764373167,1666.5282793705892,1.7577232638888889,-0.3296321212121214,1632.730007793437
360,20090649,Total,54.0,23.677898624273833,23.677898624273833,3808.6761552522416,2.2921868499999998,-0.24943080000000029,3701.452638929991
361,20090650,Total,47.0,8.223514283780878,8.223514283780878,1183.8977114777135,2.4920148148148145,-0.09179805555555536,772.2451275419372
362,20090651,Total,34.0,13.415963540450669,13.415963540450669,1809.007616127547,2.18189828125,-1.7978064516129026,1672.8787178370048
363,20090652,Total,187.0,7.4873108210696575,7.4873108210696575,4548.6765715803485,5.18066456462585,-0.181201361067504,3528.3524785633504
364,20090653,Total,38.0,6.904456881200486,6.904456881200486,1102.0979429528074,4.826114465811966,-0.5633194601889339,1037.0931413528103
365,20090655,Total,92.0,13.727846804360174,13.727846804360174,3796.387727716398,6.333136979691877,0.40330356582632976,3005.477434861008
366,20090656,Total,35.0,20.36757676163529,20.36757676163529,1775.9390855214137,1.6106013636363636,0.2961890909090912,1665.5150556156373
367,20090657,Total,23.0,8.829085016674835,8.829085016674835,816.7847404061472,1.4131276190476192,0.16096571428571385,806.5191196968613
368,20090658,Total,50.0,22.650259953380782,22.650259953380782,3945.741152678728,4.861607896825396,0.6480857142857143,3265.136279253431
369,20090660,Total,85.0,9.684791607244321,9.684791607244321,3219.0612110220472,1.7294711585850557,0.08155311349299961,1250.7527334992083
370,20090661,Total,56.0,12.132565238929153,12.132565238929153,2241.8972983069857,2.0951333916269212,0.11490594594594612,1819.6545971058881
371,20090664,Total,44.0,17.185854205645825,17.185854205645825,2647.344590561628,2.8817026666666665,0.050770285714285546,2480.324558182319
372,20090665,Total,83.0,12.421153241174483,12.421153241174483,3307.346834103117,2.621644024918743,0.8552202816901406,2276.6855086111177
373,20090666,Total,60.0,6.020870383871343,6.020870383871343,1399.5668717792933,1.837957948717949,0.29535576923076945,1271.9939771060556
374,20090668,Total,25.0,15.797826476300143,15.797826476300143,1151.3425038949417,5.888858623188407,-0.3682878260869591,880.3117396491454
375,20090670,Total,100.0,11.321495552565036,11.321495552565036,3007.724861459388,4.0950092721861475,-1.3219872267206476,2091.930376357702
376,20090671,Total,139.0,17.843555376182906,17.843555376182906,9216.865689030672,7.066376382994187,-0.8914118994701217,5184.23104797588
377,20090672,Total,94.0,11.621356177922468,11.621356177922468,2318.869678665161,3.0198215090811966,-0.28417682015167894,1255.338807631401
378,20090673,Total,71.0,4.291517986964121,4.291517986964121,925.955435186419,3.263480581649832,-0.4413951851851854,755.2347948889445
379,20090674,Total,58.0,7.642688669037533,7.642688669037533,1637.3989146324593,2.0020872012578614,-0.19583384615384625,748.1428978660405
380,20090675,Total,75.0,11.649341057617232,11.649341057617232,3645.529213821555,5.4234324358974355,0.6045506787330319,3296.4766158768416
381,20090676,Total,31.0,17.424720320054295,17.424720320054295,1944.598787718059,3.392975,0.024270967741935302,1193.5539174798346
382,20090677,Total,32.0,9.90458573024185,9.90458573024185,1141.0082761238612,2.3310787878787878,-0.874275,1112.2275459239665
383,20090678,Total,102.0,19.14991392802135,19.14991392802135,7171.602541660912,5.391239332606589,0.5468612530925283,5475.774060678103
384,20090679,Total,122.0,12.5826535746228,12.5826535746228,5754.856268779755,8.413403549089349,-0.2266723773784356,5167.1089828818
385,20090680,Total,23.0,16.631174936035837,16.631174936035837,1373.8528232562726,2.5144725396825396,-1.3358028571428566,1338.6559852784656
386,20090683,Total,23.0,17.083617621901354,17.083617621901354,1509.1366389602774,3.8214318846153845,1.7690432307692303,1342.2718768567613
387,20090684,Total,42.0,10.277053630441271,10.277053630441271,1574.363373341227,2.2253197777777776,-0.36759843137254905,1309.0450125077114
388,20090689,Total,102.0,9.611698885077745,9.611698885077745,3563.579032515592,6.450264819999999,-1.0811272492307702,2805.794267074384
389,20090690,Total,98.0,6.939714342652505,6.939714342652505,2336.028296903905,5.967344888025096,1.458110035834266,1025.6989164982822
390,20090691,Total,92.0,7.515653018728313,7.515653018728313,2411.026122895754,2.129278333333333,0.48883081558441593,724.3865033781548
391,20090692,Total,185.0,13.522021393132144,13.522021393132144,9111.567151184749,6.892925527106098,-0.0013489263412521286,5793.517097347388
392,20090693,Total,28.0,13.465752368450268,13.465752368450268,1366.518481229164,2.3853863480392157,-1.1276615686274511,1243.476568229539
393,20090695,Total,51.0,23.074511191846163,23.074511191846163,3365.5402426453106,2.6861762897435897,0.5339587692307703,2510.3157797314793
394,20090696,Total,71.0,5.47476275147942,5.47476275147942,1547.9178375564245,4.764893707786117,-0.9726044999999999,940.4024850525834
395,20090697,Total,24.0,21.96466156031207,21.96466156031207,1843.5682823233228,3.391261495098039,-0.35799874999999914,1664.5941693867285
396,20090698,Total,131.0,16.051007644995504,16.051007644995504,8307.11180125427,5.377563136892921,0.8171003557413062,6295.019363433846
397,20090699,Total,38.0,22.37920392984989,22.37920392984989,2713.019421295743,3.933223701923077,1.202160714285715,2078.2901145538685
398,20090701,Total,115.0,21.33857351129447,21.33857351129447,8552.908276823156,5.0591765866942096,0.05758042140468289,4547.920397917099
399,20090702,Total,120.0,10.238723099952143,10.238723099952143,4137.355635790703,3.979301968705208,0.01127258830247142,3283.4165293423057
400,20090705,Total,44.0,23.137140362027274,23.137140362027274,3612.37372720849,2.191627672101449,-0.2902324901185769,2961.014679330752
401,20090706,Total,42.0,9.18239523603063,9.18239523603063,1424.4411223711204,5.826181893115942,-0.48903101449275366,1118.010234833161
402,20090709,Total,59.0,12.62513745729971,12.62513745729971,2124.453869103119,5.131383932367149,1.3495804444444466,1265.691814493609
403,20090710,Total,31.0,24.941524144616128,24.941524144616128,2822.8738755517957,2.8710444534412956,2.2462400000000002,2657.269592293064
404,20090711,Total,35.0,4.992179065044036,4.992179065044036,630.1953476050637,2.0584212500000003,-0.0666860000000001,571.7304346177242
405,20090712,Total,120.0,17.35880595069539,17.35880595069539,6937.8137176739665,5.095757040608229,0.8462253509838996,3881.330514774611
406,20090713,Total,23.0,18.670746144255467,18.670746144255467,1545.9377807443527,1.8878470833333332,0.48777391304347817,1524.5721555788487
407,20090714,Total,45.0,7.533276474404571,7.533276474404571,1186.3423012458115,1.6211328553113553,-0.23644395604395604,960.0065378866344
408,20090715,Total,160.0,7.757374107247781,7.757374107247781,4354.340857263698,3.0682948586235925,0.7560978207934336,2179.808511915382
409,20090716,Total,35.0,15.240248457146826,15.240248457146826,2078.7382650264412,4.644286339285714,1.84182,2008.4538558833344
410,20090717,Total,79.0,20.6488777321973,20.6488777321973,6297.417773944019,2.836128929338104,0.19307289445438275,5341.89876698717
411,20090718,Total,37.0,14.482845089959909,14.482845089959909,1929.11496598266,2.511659210526316,1.3314097297297298,1784.9195323966878
412,20090719,Total,153.0,12.470420005603678,12.470420005603678,6836.152174923308,4.51321990227704,0.1206265490196079,5675.915186773637
